Matrix([[4.86977107264259e-9]])
Matrix([[-0.269895400271165], [-0.232693755610215], [0.619562132325957], [1.00000000000000]])
(7, 1)
(6, 1) (6, 1)
Matrix([[4.99101909792416e-9]])
Matrix([[-0.255860123646761], [-0.232704642650367], [0.625398730146381], [1.00000000000000]])
(7, 1)
(6, 1) (6, 1)
Matrix([[5.02614919047012e-9]])
Matrix([[-0.244649667542522], [-0.232710551142883], [0.630074068443329], [1.00000000000000]])
(7, 1)
(6, 1) (6, 1)
Matrix([[3.90987644945364e-9]])
Matrix([[-0.235693594204584], [-0.232715389669886], [0.633821331745389], [1.00000000000000]])
(7, 1)
(6, 1) (6, 1)
Matrix([[2.78907477819805e-9]])
Matrix([[-0.228537237086426], [-0.232718226594428], [0.636825487648496], [1.00000000000000]])
(7, 1)
(6, 1) (6, 1)
Matrix([[1.88478188281624e-9]])
Matrix([[-0.222817990632573], [-0.232719656609157], [0.639233469966806], [1.00000000000000]])
(7, 1)
(6, 1) (6, 1)
Matrix([[1.22793419753552e-9]])
Matrix([[-0.218246562093353], [-0.232720134347832], [0.641163071011057], [1.00000000000000]])
(7, 1)
(6, 1) (6, 1)
Matrix([[7.78812857748638e-10]])
Matrix([[-0.214592088377459], [-0.232719988459932], [0.642708894314084], [1.00000000000000]])
(7, 1)
(6, 1) (6, 1)
Matrix([[4.83197769910814e-10]])
Matrix([[-0.211670288101259], [-0.232719447754087], [0.643946961334950], [1.00000000000000]])
(7, 1)
(6, 1) (6, 1)
Matrix([[2.93568080003865e-10]])
Matrix([[-0.209334023857470], [-0.232718667353086], [0.644938342736445], [1.00000000000000]])
(7, 1)
(6, 1) (6, 1)
Matrix([[1.74083297494641e-10]])
Matrix([[-0.207465784927915], [-0.232717750449346], [0.645732062049942], [1.00000000000000]])
(7, 1)
(6, 1) (6, 1)
Matrix([[9.99944078761118e-11]])
Matrix([[-0.205971698650853], [-0.232716764398321], [0.646367451823184], [1.00000000000000]])
(7, 1)
(6, 1) (6, 1)
Matrix([[5.45246492602923e-11]])
Matrix([[-0.204776758207500], [-0.232715752868456], [0.646876050002917], [1.00000000000000]])
(7, 1)
(6, 1) (6, 1)
Matrix([[2.70412022013207e-11]])
Matrix([[-0.203821018980465], [-0.232714743162694], [0.647283132760782], [1.00000000000000]])
(7, 1)
(6, 1) (6, 1)
Matrix([[1.06698409245443e-11]])
Matrix([[-0.203056565506222], [-0.232713752346642], [0.647608950429251], [1.00000000000000]])
(7, 1)
(6, 1) (6, 1)
Matrix([[1.14873110223452e-12]])
Matrix([[-0.202445091748364], [-0.232712790549096], [0.647869721411424], [1.00000000000000]])
(7, 1)
(6, 1) (6, 1)
Matrix([[-4.18785710572977e-12]])
Matrix([[-0.201955970083827], [-0.232711863548797], [0.648078432201797], [1.00000000000000]])
(7, 1)
(6, 1) (6, 1)
Matrix([[-7.00967732982203e-12]])
Matrix([[-0.201564709726396], [-0.232710974306337], [0.648245479076432], [1.00000000000000]])
(7, 1)
(6, 1) (6, 1)
Matrix([[-8.33139597427723e-12]])
Matrix([[-0.201251725180420], [-0.232710123931603], [0.648379184076003], [1.00000000000000]])
(7, 1)
(6, 1) (6, 1)
Matrix([[-8.74235145330318e-12]])
Matrix([[-0.201001352791078], [-0.232709312407784], [0.648486207971343], [1.00000000000000]])
(7, 1)
(6, 1) (6, 1)
Matrix([[-8.65916149553767e-12]])
Matrix([[-0.200801064665269], [-0.232708539126811], [0.648571881118735], [1.00000000000000]])
(7, 1)
(6, 1) (6, 1)
Matrix([[-8.28840509619188e-12]])
Matrix([[-0.200640840464419], [-0.232707802946973], [0.648640469196205], [1.00000000000000]])
(7, 1)
(6, 1) (6, 1)
Matrix([[-7.78009429947328e-12]])
Matrix([[-0.200512665156810], [-0.232707102568481], [0.648695385511730], [1.00000000000000]])
('time', 397.81528997421265)
('itertion', 23)
Matrix([[-0.00817891134471990], [1.14767194683545], [2.85464287169995], [4.22052115421740], [-1.70144983583778], [1.57079632679490]])

